 1.00000000e+00  1.68389969e-01 
 1.26191743e+00  2.12493821e-01 
 1.59243559e+00  2.68148820e-01 
 2.00952222e+00  3.38379990e-01 
 2.53585111e+00  4.27004232e-01 
 3.20003470e+00  5.38837300e-01 
 4.03817955e+00  6.79954555e-01 
 5.09584914e+00  8.58019127e-01 
 6.43054083e+00  1.08269429e+00 
 8.11481154e+00  1.36616029e+00 
 1.02402221e+01  1.72375952e+00 
 1.29223147e+01  2.17479644e+00 
 1.63068941e+01  2.74351873e+00 
 2.05779538e+01  3.46029892e+00 
 2.59676785e+01  4.36301347e+00 
 3.27690660e+01  5.49856227e+00 
 4.13518554e+01  6.92435670e+00 
 5.21826269e+01  8.70937801e+00 
 6.58501663e+01  1.09339980e+01 
 8.30974723e+01  1.36870958e+01 
 1.04862148e+02  1.70581588e+01 
 1.32327372e+02  2.11215275e+01 
 1.66986217e+02  2.59111533e+01 
 2.10722817e+02  3.13893824e+01 
 2.65914795e+02  3.74225662e+01 
 3.35562513e+02  4.37824216e+01 
 4.23452183e+02  5.01823990e+01 
 5.34361689e+02  5.63350309e+01 
 6.74320327e+02  6.20040744e+01 
 8.50936571e+02  6.70350809e+01 
 1.07381169e+03  7.13614962e+01 
 1.35506168e+03  7.49906473e+01 
 1.70997595e+03  7.79790789e+01 
 2.15784844e+03  8.04078476e+01 
 2.72302655e+03  8.23641645e+01 
 3.43623466e+03  8.39305394e+01 
 4.33624440e+03  8.51797387e+01 
 5.47198237e+03  8.61733361e+01 
 6.90518990e+03  8.69621374e+01 
 8.71377946e+03  8.75874090e+01 
 1.09960702e+04  8.80823332e+01 
 1.38761325e+04  8.84734090e+01 
 1.75105335e+04  8.87816985e+01 
 2.20968473e+04  8.90238582e+01 
 2.78843967e+04  8.92130017e+01 
 3.51878060e+04  8.93593873e+01 
 4.44041056e+04  8.94709596e+01 
 5.60343147e+04  8.95537786e+01 
 7.07106781e+04  8.96123434e+01 
 8.92310369e+04  8.96498365e+01 
 1.12602200e+05  8.96682958e+01 
 1.42094679e+05  8.96687265e+01 
 1.79311751e+05  8.96511543e+01 
 2.26276624e+05  8.96146295e+01 
 2.85542414e+05  8.95571784e+01 
 3.60330949e+05  8.94757011e+01 
 4.54707903e+05  8.93658153e+01 
 5.73803826e+05  8.92216417e+01 
 7.24093048e+05  8.90355315e+01 
 9.13745635e+05  8.87977463e+01 
 1.15307154e+06  8.84961165e+01 
 1.45508107e+06  8.81157543e+01 
 1.83619216e+06  8.76389768e+01 
 2.31712288e+06  8.70457627e+01 
 2.92401774e+06  8.63153397e+01 
 3.68986894e+06  8.54299193e+01 
 4.65630991e+06  8.43820155e+01 
 5.87587862e+06  8.31866434e+01 
 7.41487362e+06  8.18974343e+01 
 9.35695823e+06  8.06188746e+01 
 1.18077086e+07  7.94951708e+01 
 1.49003533e+07  7.86501947e+01 
 1.88030155e+07  7.80777929e+01 
 2.37278529e+07  7.75462682e+01 
 2.99425910e+07  7.66197564e+01 
 3.77850774e+07  7.48164984e+01 
 4.76816476e+07  7.17790927e+01 
 6.01703020e+07  6.73238124e+01 
 7.59299526e+07  6.13723189e+01 
 9.58173303e+07  5.38436148e+01 
 1.20913559e+08  4.45000554e+01 
 1.52582927e+08  3.24365744e+01 
 1.92547054e+08  1.28307999e+01 
 2.42978483e+08 -6.44363434e+01 
 3.06618782e+08 -1.40404888e+02 
 3.86927584e+08 -1.59955327e+02 
 4.88270660e+08 -1.72449531e+02 
 6.16157255e+08 -1.82895417e+02 
 7.77539577e+08 -1.92385671e+02 
 9.81190741e+08 -2.01204631e+02 
 1.23818169e+09 -2.09304122e+02 
 1.56248306e+09 -2.16407178e+02 
 1.97172460e+09 -2.22003954e+02 
 2.48815363e+09 -2.25384264e+02 
 3.13984442e+09 -2.25915656e+02 
 3.96222439e+09 -2.23489223e+02 
 5.00000000e+09 -2.18668680e+02 
 1.00000000e+00 -6.63876263e-04 
 1.26191743e+00 -8.37757025e-04 
 1.59243559e+00 -1.05718019e-03 
 2.00952222e+00 -1.33407410e-03 
 2.53585111e+00 -1.68349136e-03 
 3.20003470e+00 -2.12442708e-03 
 4.03817955e+00 -2.68085155e-03 
 5.09584914e+00 -3.38301328e-03 
 6.43054083e+00 -4.26908341e-03 
 8.11481154e+00 -5.38723074e-03 
 1.02402221e+01 -6.79824034e-03 
 1.29223147e+01 -8.57881792e-03 
 1.63068941e+01 -1.08257598e-02 
 2.05779538e+01 -1.36612148e-02 
 2.59676785e+01 -1.72393248e-02 
 3.27690660e+01 -2.17546040e-02 
 4.13518554e+01 -2.74525131e-02 
 5.21826269e+01 -3.46428031e-02 
 6.58501663e+01 -4.37163537e-02 
 8.30974723e+01 -5.51664221e-02 
 1.04862148e+02 -6.96154564e-02 
 1.32327372e+02 -8.78489316e-02 
 1.66986217e+02 -1.10858045e-01 
 2.10722817e+02 -1.39893595e-01 
 2.65914795e+02 -1.76533954e-01 
 3.35562513e+02 -2.22770849e-01 
 4.23452183e+02 -2.81117566e-01 
 5.34361689e+02 -3.54745445e-01 
 6.74320327e+02 -4.47656023e-01 
 8.50936571e+02 -5.64898031e-01 
 1.07381169e+03 -7.12840795e-01 
 1.35506168e+03 -8.99518343e-01 
 1.70997595e+03 -1.13506186e+00 
 2.15784844e+03 -1.43224180e+00 
 2.72302655e+03 -1.80714483e+00 
 3.43623466e+03 -2.28001355e+00 
 4.33624440e+03 -2.87627735e+00 
 5.47198237e+03 -3.62779555e+00 
 6.90518990e+03 -4.57431166e+00 
 8.71377946e+03 -5.76506249e+00 
 1.09960702e+04 -7.26036735e+00 
 1.38761325e+04 -9.13278698e+00 
 1.75105335e+04 -1.14670071e+01 
 2.20968473e+04 -1.43568816e+01 
 2.78843967e+04 -1.78970827e+01 
 3.51878060e+04 -2.21659921e+01 
 4.44041056e+04 -2.71972885e+01 
 5.60343147e+04 -3.29428414e+01 
 7.07106781e+04 -3.92407063e+01 
 8.92310369e+04 -4.58130868e+01 
 1.12602200e+05 -5.23130837e+01 
 1.42094679e+05 -5.84072704e+01 
 1.79311751e+05 -6.38503622e+01 
 2.26276624e+05 -6.85153832e+01 
 2.85542414e+05 -7.23786916e+01 
 3.60330949e+05 -7.54836150e+01 
 4.54707903e+05 -7.79048491e+01 
 5.73803826e+05 -7.97232087e+01 
 7.24093048e+05 -8.10109756e+01 
 9.13745635e+05 -8.18246795e+01 
 1.15307154e+06 -8.22021109e+01 
 1.45508107e+06 -8.21613577e+01 
 1.83619216e+06 -8.17006283e+01 
 2.31712288e+06 -8.07983676e+01 
 2.92401774e+06 -7.94137774e+01 
 3.68986894e+06 -7.74885167e+01 
 4.65630991e+06 -7.49512899e+01 
 5.87587862e+06 -7.17284121e+01 
 7.41487362e+06 -6.77651969e+01 
 9.35695823e+06 -6.30643440e+01 
 1.18077086e+07 -5.77463605e+01 
 1.49003533e+07 -5.21311622e+01 
 1.88030155e+07 -4.68316631e+01 
 2.37278529e+07 -4.28497477e+01 
 2.99425910e+07 -4.16664874e+01 
 3.77850774e+07 -4.52045939e+01 
 4.76816476e+07 -5.49846589e+01 
 6.01703020e+07 -6.95770971e+01 
 7.59299526e+07 -8.40990189e+01 
 9.58173303e+07 -9.54944065e+01 
 1.20913559e+08 -1.04257751e+02 
 1.52582927e+08 -1.11853009e+02 
 1.92547054e+08 -1.19391983e+02 
 2.42978483e+08 -1.27482996e+02 
 3.06618782e+08 -1.36302875e+02 
 3.86927584e+08 -1.45707591e+02 
 4.88270660e+08 -1.55434137e+02 
 6.16157255e+08 -1.65357423e+02 
 7.77539577e+08 -1.75675666e+02 
 9.81190741e+08 -1.86975539e+02 
 1.23818169e+09 -2.00215046e+02 
 1.56248306e+09 -2.16611829e+02 
 1.97172460e+09 -2.37321931e+02 
 2.48815363e+09 -2.62851642e+02 
 3.13984442e+09 -2.92584642e+02 
 3.96222439e+09 -3.25113844e+02 
 5.00000000e+09 -3.59098012e+02 
 1.00000000e+00 -4.10841655e-04 
 1.26191743e+00 -5.18448243e-04 
 1.59243559e+00 -6.54238873e-04 
 2.00952222e+00 -8.25595434e-04 
 2.53585111e+00 -1.04183326e-03 
 3.20003470e+00 -1.31470755e-03 
 4.03817955e+00 -1.65905237e-03 
 5.09584914e+00 -2.09358709e-03 
 6.43054083e+00 -2.64193404e-03 
 8.11481154e+00 -3.33390260e-03 
 1.02402221e+01 -4.20710978e-03 
 1.29223147e+01 -5.30902514e-03 
 1.63068941e+01 -6.69955132e-03 
 2.05779538e+01 -8.45428054e-03 
 2.59676785e+01 -1.06686039e-02 
 3.27690660e+01 -1.34628971e-02 
 4.13518554e+01 -1.69890642e-02 
 5.21826269e+01 -2.14387958e-02 
 6.58501663e+01 -2.70539892e-02 
 8.30974723e+01 -3.41398989e-02 
 1.04862148e+02 -4.30817302e-02 
 1.32327372e+02 -5.43655799e-02 
 1.66986217e+02 -6.86048602e-02 
 2.10722817e+02 -8.65736435e-02 
 2.65914795e+02 -1.09248739e-01 
 3.35562513e+02 -1.37862786e-01 
 4.23452183e+02 -1.73971249e-01 
 5.34361689e+02 -2.19536942e-01 
 6.74320327e+02 -2.77036671e-01 
 8.50936571e+02 -3.49595753e-01 
 1.07381169e+03 -4.41157656e-01 
 1.35506168e+03 -5.56697869e-01 
 1.70997595e+03 -7.02493351e-01 
 2.15784844e+03 -8.86461694e-01 
 2.72302655e+03 -1.11858740e+00 
 3.43623466e+03 -1.41145631e+00 
 4.33624440e+03 -1.78092312e+00 
 5.47198237e+03 -2.24693971e+00 
 6.90518990e+03 -2.83457257e+00 
 8.71377946e+03 -3.57523109e+00 
 1.09960702e+04 -4.50810681e+00 
 1.38761325e+04 -5.68177140e+00 
 1.75105335e+04 -7.15576629e+00 
 2.20968473e+04 -9.00178927e+00 
 2.78843967e+04 -1.13036607e+01 
 3.51878060e+04 -1.41545479e+01 
 4.44041056e+04 -1.76489465e+01 
 5.60343147e+04 -2.18660729e+01 
 7.07106781e+04 -2.68419992e+01 
 8.92310369e+04 -3.25327322e+01 
 1.12602200e+05 -3.87813569e+01 
 1.42094679e+05 -4.53137939e+01 
 1.79311751e+05 -5.17829643e+01 
 2.26276624e+05 -5.78503581e+01 
 2.85542414e+05 -6.32621067e+01 
 3.60330949e+05 -6.78815885e+01 
 4.54707903e+05 -7.16760698e+01 
 5.73803826e+05 -7.46805641e+01 
 7.24093048e+05 -7.69615665e+01 
 9.13745635e+05 -7.85908735e+01 
 1.15307154e+06 -7.96300600e+01 
 1.45508107e+06 -8.01225496e+01 
 1.83619216e+06 -8.00901382e+01 
 2.31712288e+06 -7.95319038e+01 
 2.92401774e+06 -7.84246071e+01 
 3.68986894e+06 -7.67247974e+01 
 4.65630991e+06 -7.43740571e+01 
 5.87587862e+06 -7.13103221e+01 
 7.41487362e+06 -6.74899032e+01 
 9.35695823e+06 -6.29257641e+01 
 1.18077086e+07 -5.77456166e+01 
 1.49003533e+07 -5.22664020e+01 
 1.88030155e+07 -4.70731323e+01 
 2.37278529e+07 -4.30911824e+01 
 2.99425910e+07 -4.16460978e+01 
 3.77850774e+07 -4.44174746e+01 
 4.76816476e+07 -5.27889609e+01 
 6.01703020e+07 -6.58975219e+01 
 7.59299526e+07 -7.98052939e+01 
 9.58173303e+07 -9.13508402e+01 
 1.20913559e+08 -1.00442103e+02 
 1.52582927e+08 -1.08248634e+02 
 1.92547054e+08 -1.15796034e+02 
 2.42978483e+08 -1.23679022e+02 
 3.06618782e+08 -1.32089804e+02 
 3.86927584e+08 -1.40953250e+02 
 4.88270660e+08 -1.50510623e+02 
 6.16157255e+08 -1.61553206e+02 
 7.77539577e+08 -1.73611457e+02 
 9.81190741e+08 -1.86432040e+02 
 1.23818169e+09 -2.00896345e+02 
 1.56248306e+09 -2.18132695e+02 
 1.97172460e+09 -2.38999399e+02 
 2.48815363e+09 -2.63782065e+02 
 3.13984442e+09 -2.92257299e+02 
 3.96222439e+09 -3.23967731e+02 
 5.00000000e+09 -3.58075589e+02 
 1.00000000e+00 -6.63876263e-04 
 1.26191743e+00 -8.37757025e-04 
 1.59243559e+00 -1.05718019e-03 
 2.00952222e+00 -1.33407410e-03 
 2.53585111e+00 -1.68349136e-03 
 3.20003470e+00 -2.12442708e-03 
 4.03817955e+00 -2.68085155e-03 
 5.09584914e+00 -3.38301328e-03 
 6.43054083e+00 -4.26908341e-03 
 8.11481154e+00 -5.38723074e-03 
 1.02402221e+01 -6.79824034e-03 
 1.29223147e+01 -8.57881792e-03 
 1.63068941e+01 -1.08257598e-02 
 2.05779538e+01 -1.36612148e-02 
 2.59676785e+01 -1.72393248e-02 
 3.27690660e+01 -2.17546040e-02 
 4.13518554e+01 -2.74525131e-02 
 5.21826269e+01 -3.46428031e-02 
 6.58501663e+01 -4.37163537e-02 
 8.30974723e+01 -5.51664221e-02 
 1.04862148e+02 -6.96154564e-02 
 1.32327372e+02 -8.78489316e-02 
 1.66986217e+02 -1.10858045e-01 
 2.10722817e+02 -1.39893595e-01 
 2.65914795e+02 -1.76533954e-01 
 3.35562513e+02 -2.22770849e-01 
 4.23452183e+02 -2.81117566e-01 
 5.34361689e+02 -3.54745445e-01 
 6.74320327e+02 -4.47656023e-01 
 8.50936571e+02 -5.64898031e-01 
 1.07381169e+03 -7.12840795e-01 
 1.35506168e+03 -8.99518343e-01 
 1.70997595e+03 -1.13506186e+00 
 2.15784844e+03 -1.43224180e+00 
 2.72302655e+03 -1.80714483e+00 
 3.43623466e+03 -2.28001355e+00 
 4.33624440e+03 -2.87627735e+00 
 5.47198237e+03 -3.62779555e+00 
 6.90518990e+03 -4.57431166e+00 
 8.71377946e+03 -5.76506249e+00 
 1.09960702e+04 -7.26036735e+00 
 1.38761325e+04 -9.13278698e+00 
 1.75105335e+04 -1.14670071e+01 
 2.20968473e+04 -1.43568816e+01 
 2.78843967e+04 -1.78970827e+01 
 3.51878060e+04 -2.21659921e+01 
 4.44041056e+04 -2.71972885e+01 
 5.60343147e+04 -3.29428414e+01 
 7.07106781e+04 -3.92407063e+01 
 8.92310369e+04 -4.58130868e+01 
 1.12602200e+05 -5.23130837e+01 
 1.42094679e+05 -5.84072704e+01 
 1.79311751e+05 -6.38503622e+01 
 2.26276624e+05 -6.85153832e+01 
 2.85542414e+05 -7.23786916e+01 
 3.60330949e+05 -7.54836150e+01 
 4.54707903e+05 -7.79048491e+01 
 5.73803826e+05 -7.97232087e+01 
 7.24093048e+05 -8.10109756e+01 
 9.13745635e+05 -8.18246795e+01 
 1.15307154e+06 -8.22021109e+01 
 1.45508107e+06 -8.21613577e+01 
 1.83619216e+06 -8.17006283e+01 
 2.31712288e+06 -8.07983676e+01 
 2.92401774e+06 -7.94137774e+01 
 3.68986894e+06 -7.74885167e+01 
 4.65630991e+06 -7.49512899e+01 
 5.87587862e+06 -7.17284121e+01 
 7.41487362e+06 -6.77651969e+01 
 9.35695823e+06 -6.30643440e+01 
 1.18077086e+07 -5.77463605e+01 
 1.49003533e+07 -5.21311622e+01 
 1.88030155e+07 -4.68316631e+01 
 2.37278529e+07 -4.28497477e+01 
 2.99425910e+07 -4.16664874e+01 
 3.77850774e+07 -4.52045939e+01 
 4.76816476e+07 -5.49846589e+01 
 6.01703020e+07 -6.95770971e+01 
 7.59299526e+07 -8.40990189e+01 
 9.58173303e+07 -9.54944065e+01 
 1.20913559e+08 -1.04257751e+02 
 1.52582927e+08 -1.11853009e+02 
 1.92547054e+08 -1.19391983e+02 
 2.42978483e+08 -1.27482996e+02 
 3.06618782e+08 -1.36302875e+02 
 3.86927584e+08 -1.45707591e+02 
 4.88270660e+08 -1.55434137e+02 
 6.16157255e+08 -1.65357423e+02 
 7.77539577e+08 -1.75675666e+02 
 9.81190741e+08 -1.86975539e+02 
 1.23818169e+09 -2.00215046e+02 
 1.56248306e+09 -2.16611829e+02 
 1.97172460e+09 -2.37321931e+02 
 2.48815363e+09 -2.62851642e+02 
 3.13984442e+09 -2.92584642e+02 
 3.96222439e+09 -3.25113844e+02 
 5.00000000e+09 -3.59098012e+02 
 1.00000000e+00 -4.10841655e-04 
 1.26191743e+00 -5.18448243e-04 
 1.59243559e+00 -6.54238873e-04 
 2.00952222e+00 -8.25595434e-04 
 2.53585111e+00 -1.04183326e-03 
 3.20003470e+00 -1.31470755e-03 
 4.03817955e+00 -1.65905237e-03 
 5.09584914e+00 -2.09358709e-03 
 6.43054083e+00 -2.64193404e-03 
 8.11481154e+00 -3.33390260e-03 
 1.02402221e+01 -4.20710978e-03 
 1.29223147e+01 -5.30902514e-03 
 1.63068941e+01 -6.69955132e-03 
 2.05779538e+01 -8.45428054e-03 
 2.59676785e+01 -1.06686039e-02 
 3.27690660e+01 -1.34628971e-02 
 4.13518554e+01 -1.69890642e-02 
 5.21826269e+01 -2.14387958e-02 
 6.58501663e+01 -2.70539892e-02 
 8.30974723e+01 -3.41398989e-02 
 1.04862148e+02 -4.30817302e-02 
 1.32327372e+02 -5.43655799e-02 
 1.66986217e+02 -6.86048602e-02 
 2.10722817e+02 -8.65736435e-02 
 2.65914795e+02 -1.09248739e-01 
 3.35562513e+02 -1.37862786e-01 
 4.23452183e+02 -1.73971249e-01 
 5.34361689e+02 -2.19536942e-01 
 6.74320327e+02 -2.77036671e-01 
 8.50936571e+02 -3.49595753e-01 
 1.07381169e+03 -4.41157656e-01 
 1.35506168e+03 -5.56697869e-01 
 1.70997595e+03 -7.02493351e-01 
 2.15784844e+03 -8.86461694e-01 
 2.72302655e+03 -1.11858740e+00 
 3.43623466e+03 -1.41145631e+00 
 4.33624440e+03 -1.78092312e+00 
 5.47198237e+03 -2.24693971e+00 
 6.90518990e+03 -2.83457257e+00 
 8.71377946e+03 -3.57523109e+00 
 1.09960702e+04 -4.50810681e+00 
 1.38761325e+04 -5.68177140e+00 
 1.75105335e+04 -7.15576629e+00 
 2.20968473e+04 -9.00178927e+00 
 2.78843967e+04 -1.13036607e+01 
 3.51878060e+04 -1.41545479e+01 
 4.44041056e+04 -1.76489465e+01 
 5.60343147e+04 -2.18660729e+01 
 7.07106781e+04 -2.68419992e+01 
 8.92310369e+04 -3.25327322e+01 
 1.12602200e+05 -3.87813569e+01 
 1.42094679e+05 -4.53137939e+01 
 1.79311751e+05 -5.17829643e+01 
 2.26276624e+05 -5.78503581e+01 
 2.85542414e+05 -6.32621067e+01 
 3.60330949e+05 -6.78815885e+01 
 4.54707903e+05 -7.16760698e+01 
 5.73803826e+05 -7.46805641e+01 
 7.24093048e+05 -7.69615665e+01 
 9.13745635e+05 -7.85908735e+01 
 1.15307154e+06 -7.96300600e+01 
 1.45508107e+06 -8.01225496e+01 
 1.83619216e+06 -8.00901382e+01 
 2.31712288e+06 -7.95319038e+01 
 2.92401774e+06 -7.84246071e+01 
 3.68986894e+06 -7.67247974e+01 
 4.65630991e+06 -7.43740571e+01 
 5.87587862e+06 -7.13103221e+01 
 7.41487362e+06 -6.74899032e+01 
 9.35695823e+06 -6.29257641e+01 
 1.18077086e+07 -5.77456166e+01 
 1.49003533e+07 -5.22664020e+01 
 1.88030155e+07 -4.70731323e+01 
 2.37278529e+07 -4.30911824e+01 
 2.99425910e+07 -4.16460978e+01 
 3.77850774e+07 -4.44174746e+01 
 4.76816476e+07 -5.27889609e+01 
 6.01703020e+07 -6.58975219e+01 
 7.59299526e+07 -7.98052939e+01 
 9.58173303e+07 -9.13508402e+01 
 1.20913559e+08 -1.00442103e+02 
 1.52582927e+08 -1.08248634e+02 
 1.92547054e+08 -1.15796034e+02 
 2.42978483e+08 -1.23679022e+02 
 3.06618782e+08 -1.32089804e+02 
 3.86927584e+08 -1.40953250e+02 
 4.88270660e+08 -1.50510623e+02 
 6.16157255e+08 -1.61553206e+02 
 7.77539577e+08 -1.73611457e+02 
 9.81190741e+08 -1.86432040e+02 
 1.23818169e+09 -2.00896345e+02 
 1.56248306e+09 -2.18132695e+02 
 1.97172460e+09 -2.38999399e+02 
 2.48815363e+09 -2.63782065e+02 
 3.13984442e+09 -2.92257299e+02 
 3.96222439e+09 -3.23967731e+02 
 5.00000000e+09 -3.58075589e+02 
 1.00000000e+00 -4.09938513e-04 
 1.26191743e+00 -5.17308553e-04 
 1.59243559e+00 -6.52800677e-04 
 2.00952222e+00 -8.23780550e-04 
 2.53585111e+00 -1.03954303e-03 
 3.20003470e+00 -1.31181747e-03 
 4.03817955e+00 -1.65540532e-03 
 5.09584914e+00 -2.08898482e-03 
 6.43054083e+00 -2.63612634e-03 
 8.11481154e+00 -3.32657377e-03 
 1.02402221e+01 -4.19786140e-03 
 1.29223147e+01 -5.29735445e-03 
 1.63068941e+01 -6.68482388e-03 
 2.05779538e+01 -8.43569572e-03 
 2.59676785e+01 -1.06451514e-02 
 3.27690660e+01 -1.34333019e-02 
 4.13518554e+01 -1.69517176e-02 
 5.21826269e+01 -2.13916675e-02 
 6.58501663e+01 -2.69945172e-02 
 8.30974723e+01 -3.40648501e-02 
 1.04862148e+02 -4.29870249e-02 
 1.32327372e+02 -5.42460696e-02 
 1.66986217e+02 -6.84540481e-02 
 2.10722817e+02 -8.63833313e-02 
 2.65914795e+02 -1.09008581e-01 
 3.35562513e+02 -1.37559727e-01 
 4.23452183e+02 -1.73588815e-01 
 5.34361689e+02 -2.19054344e-01 
 6.74320327e+02 -2.76427678e-01 
 8.50936571e+02 -3.48827264e-01 
 1.07381169e+03 -4.40187908e-01 
 1.35506168e+03 -5.55474169e-01 
 1.70997595e+03 -7.00949227e-01 
 2.15784844e+03 -8.84513307e-01 
 2.72302655e+03 -1.11612903e+00 
 3.43623466e+03 -1.40835475e+00 
 4.33624440e+03 -1.77701058e+00 
 5.47198237e+03 -2.24200518e+00 
 6.90518990e+03 -2.82835116e+00 
 8.71377946e+03 -3.56739130e+00 
 1.09960702e+04 -4.49823593e+00 
 1.38761325e+04 -5.66935967e+00 
 1.75105335e+04 -7.14019231e+00 
 2.20968473e+04 -8.98231155e+00 
 2.78843967e+04 -1.12794255e+01 
 3.51878060e+04 -1.41246312e+01 
 4.44041056e+04 -1.76124570e+01 
 5.60343147e+04 -2.18223481e+01 
 7.07106781e+04 -2.67909043e+01 
 8.92310369e+04 -3.24750017e+01 
 1.12602200e+05 -3.87187983e+01 
 1.42094679e+05 -4.52491128e+01 
 1.79311751e+05 -5.17191351e+01 
 2.26276624e+05 -5.77898175e+01 
 2.85542414e+05 -6.32062052e+01 
 3.60330949e+05 -6.78305010e+01 
 4.54707903e+05 -7.16290314e+01 
 5.73803826e+05 -7.46361865e+01 
 7.24093048e+05 -7.69180809e+01 
 9.13745635e+05 -7.85462574e+01 
 1.15307154e+06 -7.95820632e+01 
 1.45508107e+06 -8.00686483e+01 
 1.83619216e+06 -8.00274363e+01 
 2.31712288e+06 -7.94569912e+01 
 2.92401774e+06 -7.83333729e+01 
 3.68986894e+06 -7.66121872e+01 
 4.65630991e+06 -7.42337505e+01 
 5.87587862e+06 -7.11342911e+01 
 7.41487362e+06 -6.72677792e+01 
 9.35695823e+06 -6.26438876e+01 
 1.18077086e+07 -5.73855333e+01 
 1.49003533e+07 -5.18023671e+01 
 1.88030155e+07 -4.64678071e+01 
 2.37278529e+07 -4.22882685e+01 
 2.99425910e+07 -4.05596533e+01 
 3.77850774e+07 -4.29283486e+01 
 4.76816476e+07 -5.07977722e+01 
 6.01703020e+07 -6.34738903e+01 
 7.59299526e+07 -7.71703370e+01 
 9.58173303e+07 -8.85936610e+01 
 1.20913559e+08 -9.74744176e+01 
 1.52582927e+08 -1.04925837e+02 
 1.92547054e+08 -1.11993854e+02 
 2.42978483e+08 -1.19351536e+02 
 3.06618782e+08 -1.27346717e+02 
 3.86927584e+08 -1.36076845e+02 
 4.88270660e+08 -1.45476127e+02 
 6.16157255e+08 -1.55456611e+02 
 7.77539577e+08 -1.66092443e+02 
 9.81190741e+08 -1.77782114e+02 
 1.23818169e+09 -1.91324685e+02 
 1.56248306e+09 -2.07847839e+02 
 1.97172460e+09 -2.28485706e+02 
 2.48815363e+09 -2.53774014e+02 
 3.13984442e+09 -2.83169952e+02 
 3.96222439e+09 -3.15405207e+02 
 5.00000000e+09 -3.49356851e+02 
