 1.00000000e+00 -1.26917147e+02 
 1.26191743e+00 -1.26917124e+02 
 1.59243559e+00 -1.26917086e+02 
 2.00952222e+00 -1.26917027e+02 
 2.53585111e+00 -1.26916932e+02 
 3.20003470e+00 -1.26916782e+02 
 4.03817955e+00 -1.26916542e+02 
 5.09584914e+00 -1.26916160e+02 
 6.43054083e+00 -1.26915552e+02 
 8.11481154e+00 -1.26914584e+02 
 1.02402221e+01 -1.26913044e+02 
 1.29223147e+01 -1.26910592e+02 
 1.63068941e+01 -1.26906690e+02 
 2.05779538e+01 -1.26900485e+02 
 2.59676785e+01 -1.26890625e+02 
 3.27690660e+01 -1.26874977e+02 
 4.13518554e+01 -1.26850190e+02 
 5.21826269e+01 -1.26811049e+02 
 6.58501663e+01 -1.26749540e+02 
 8.30974723e+01 -1.26653598e+02 
 1.04862148e+02 -1.26505628e+02 
 1.32327372e+02 -1.26281204e+02 
 1.66986217e+02 -1.25948831e+02 
 2.10722817e+02 -1.25472150e+02 
 2.65914795e+02 -1.24815571e+02 
 3.35562513e+02 -1.23952371e+02 
 4.23452183e+02 -1.22871719e+02 
 5.34361689e+02 -1.21581009e+02 
 6.74320327e+02 -1.20102982e+02 
 8.50936571e+02 -1.18469769e+02 
 1.07381169e+03 -1.16716267e+02 
 1.35506168e+03 -1.14874726e+02 
 1.70997595e+03 -1.12971654e+02 
 2.15784844e+03 -1.11027042e+02 
 2.72302655e+03 -1.09055068e+02 
 3.43623466e+03 -1.07065371e+02 
 4.33624440e+03 -1.05064322e+02 
 5.47198237e+03 -1.03056053e+02 
 6.90518990e+03 -1.01043213e+02 
 8.71377946e+03 -9.90274895e+01 
 1.09960702e+04 -9.70099487e+01 
 1.38761325e+04 -9.49912647e+01 
 1.75105335e+04 -9.29718622e+01 
 2.20968473e+04 -9.09520085e+01 
 2.78843967e+04 -8.89318721e+01 
 3.51878060e+04 -8.69115590e+01 
 4.44041056e+04 -8.48911367e+01 
 5.60343147e+04 -8.28706483e+01 
 7.07106781e+04 -8.08501227e+01 
 8.92310369e+04 -7.88295804e+01 
 1.12602200e+05 -7.68090381e+01 
 1.42094679e+05 -7.47885128e+01 
 1.79311751e+05 -7.27680250e+01 
 2.26276624e+05 -7.07476036e+01 
 2.85542414e+05 -6.87272920e+01 
 3.60330949e+05 -6.67071579e+01 
 4.54707903e+05 -6.46873076e+01 
 5.73803826e+05 -6.26679099e+01 
 7.24093048e+05 -6.06492319e+01 
 9.13745635e+05 -5.86316967e+01 
 1.15307154e+06 -5.66159715e+01 
 1.45508107e+06 -5.46031042e+01 
 1.83619216e+06 -5.25947261e+01 
 2.31712288e+06 -5.05933426e+01 
 2.92401774e+06 -4.86027174e+01 
 3.68986894e+06 -4.66283018e+01 
 4.65630991e+06 -4.46775181e+01 
 5.87587862e+06 -4.27594068e+01 
 7.41487362e+06 -4.08826922e+01 
 9.35695823e+06 -3.90510310e+01 
 1.18077086e+07 -3.72551160e+01 
 1.49003533e+07 -3.54647606e+01 
 1.88030155e+07 -3.36289124e+01 
 2.37278529e+07 -3.16906641e+01 
 2.99425910e+07 -2.96110746e+01 
 3.77850774e+07 -2.73808442e+01 
 4.76816476e+07 -2.50058986e+01 
 6.01703020e+07 -2.24771421e+01 
 7.59299526e+07 -1.97428068e+01 
 9.58173303e+07 -1.66856048e+01 
 1.20913559e+08 -1.30836251e+01 
 1.52582927e+08 -8.48872956e+00 
 1.92547054e+08 -1.73879054e+00 
 2.42978483e+08  7.85254051e+00 
 3.06618782e+08  6.93627251e-01 
 3.86927584e+08 -3.59026267e+00 
 4.88270660e+08 -5.89084237e+00 
 6.16157255e+08 -7.40226196e+00 
 7.77539577e+08 -8.59922447e+00 
 9.81190741e+08 -9.72715626e+00 
 1.23818169e+09 -1.09315878e+01 
 1.56248306e+09 -1.23016496e+01 
 1.97172460e+09 -1.38802595e+01 
 2.48815363e+09 -1.56456671e+01 
 3.13984442e+09 -1.74873852e+01 
 3.96222439e+09 -1.92312094e+01 
 5.00000000e+09 -2.07188092e+01 
 1.00000000e+00  6.45885881e+01 
 1.26191743e+00  6.45885881e+01 
 1.59243559e+00  6.45885881e+01 
 2.00952222e+00  6.45885881e+01 
 2.53585111e+00  6.45885881e+01 
 3.20003470e+00  6.45885881e+01 
 4.03817955e+00  6.45885881e+01 
 5.09584914e+00  6.45885881e+01 
 6.43054083e+00  6.45885881e+01 
 8.11481154e+00  6.45885880e+01 
 1.02402221e+01  6.45885880e+01 
 1.29223147e+01  6.45885880e+01 
 1.63068941e+01  6.45885879e+01 
 2.05779538e+01  6.45885878e+01 
 2.59676785e+01  6.45885877e+01 
 3.27690660e+01  6.45885875e+01 
 4.13518554e+01  6.45885871e+01 
 5.21826269e+01  6.45885865e+01 
 6.58501663e+01  6.45885855e+01 
 8.30974723e+01  6.45885840e+01 
 1.04862148e+02  6.45885816e+01 
 1.32327372e+02  6.45885778e+01 
 1.66986217e+02  6.45885717e+01 
 2.10722817e+02  6.45885620e+01 
 2.65914795e+02  6.45885465e+01 
 3.35562513e+02  6.45885218e+01 
 4.23452183e+02  6.45884826e+01 
 5.34361689e+02  6.45884201e+01 
 6.74320327e+02  6.45883205e+01 
 8.50936571e+02  6.45881620e+01 
 1.07381169e+03  6.45879096e+01 
 1.35506168e+03  6.45875077e+01 
 1.70997595e+03  6.45868678e+01 
 2.15784844e+03  6.45858489e+01 
 2.72302655e+03  6.45842270e+01 
 3.43623466e+03  6.45816454e+01 
 4.33624440e+03  6.45775375e+01 
 5.47198237e+03  6.45710039e+01 
 6.90518990e+03  6.45606199e+01 
 8.71377946e+03  6.45441352e+01 
 1.09960702e+04  6.45180128e+01 
 1.38761325e+04  6.44767361e+01 
 1.75105335e+04  6.44118050e+01 
 2.20968473e+04  6.43103694e+01 
 2.78843967e+04  6.41535766e+01 
 3.51878060e+04  6.39150215e+01 
 4.44041056e+04  6.35602755e+01 
 5.60343147e+04  6.30491218e+01 
 7.07106781e+04  6.23420425e+01 
 8.92310369e+04  6.14104302e+01 
 1.12602200e+05  6.02462306e+01 
 1.42094679e+05  5.88649905e+01 
 1.79311751e+05  5.73001228e+01 
 2.26276624e+05  5.55924087e+01 
 2.85542414e+05  5.37807299e+01 
 3.60330949e+05  5.18970771e+01 
 4.54707903e+05  4.99654235e+01 
 5.73803826e+05  4.80027360e+01 
 7.24093048e+05  4.60206888e+01 
 9.13745635e+05  4.40273368e+01 
 1.15307154e+06  4.20285058e+01 
 1.45508107e+06  4.00289139e+01 
 1.83619216e+06  3.80331356e+01 
 2.31712288e+06  3.60465546e+01 
 2.92401774e+06  3.40764686e+01 
 3.68986894e+06  3.21335150e+01 
 4.65630991e+06  3.02335835e+01 
 5.87587862e+06  2.84002988e+01 
 7.41487362e+06  2.66679117e+01 
 9.35695823e+06  2.50838830e+01 
 1.18077086e+07  2.37095485e+01 
 1.49003533e+07  2.26163738e+01 
 1.88030155e+07  2.18751338e+01 
 2.37278529e+07  2.15351503e+01 
 2.99425910e+07  2.15850138e+01 
 3.77850774e+07  2.18688054e+01 
 4.76816476e+07  2.19490195e+01 
 6.01703020e+07  2.11779626e+01 
 7.59299526e+07  1.93583839e+01 
 9.58173303e+07  1.69512585e+01 
 1.20913559e+08  1.43927941e+01 
 1.52582927e+08  1.18371292e+01 
 1.92547054e+08  9.27742874e+00 
 2.42978483e+08  6.64790253e+00 
 3.06618782e+08  3.87400477e+00 
 3.86927584e+08  9.06762792e-01 
 4.88270660e+08 -2.25351013e+00 
 6.16157255e+08 -5.55670463e+00 
 7.77539577e+08 -8.92477371e+00 
 9.81190741e+08 -1.22805565e+01 
 1.23818169e+09 -1.55762802e+01 
 1.56248306e+09 -1.88254075e+01 
 1.97172460e+09 -2.21312841e+01 
 2.48815363e+09 -2.56729589e+01 
 3.13984442e+09 -2.96013420e+01 
 3.96222439e+09 -3.39094502e+01 
 5.00000000e+09 -3.84331042e+01 
 1.00000000e+00  5.95414315e+01 
 1.26191743e+00  5.95414315e+01 
 1.59243559e+00  5.95414315e+01 
 2.00952222e+00  5.95414315e+01 
 2.53585111e+00  5.95414315e+01 
 3.20003470e+00  5.95414315e+01 
 4.03817955e+00  5.95414315e+01 
 5.09584914e+00  5.95414315e+01 
 6.43054083e+00  5.95414315e+01 
 8.11481154e+00  5.95414315e+01 
 1.02402221e+01  5.95414315e+01 
 1.29223147e+01  5.95414314e+01 
 1.63068941e+01  5.95414314e+01 
 2.05779538e+01  5.95414314e+01 
 2.59676785e+01  5.95414313e+01 
 3.27690660e+01  5.95414312e+01 
 4.13518554e+01  5.95414311e+01 
 5.21826269e+01  5.95414309e+01 
 6.58501663e+01  5.95414305e+01 
 8.30974723e+01  5.95414299e+01 
 1.04862148e+02  5.95414290e+01 
 1.32327372e+02  5.95414275e+01 
 1.66986217e+02  5.95414252e+01 
 2.10722817e+02  5.95414214e+01 
 2.65914795e+02  5.95414155e+01 
 3.35562513e+02  5.95414060e+01 
 4.23452183e+02  5.95413908e+01 
 5.34361689e+02  5.95413668e+01 
 6.74320327e+02  5.95413284e+01 
 8.50936571e+02  5.95412674e+01 
 1.07381169e+03  5.95411702e+01 
 1.35506168e+03  5.95410154e+01 
 1.70997595e+03  5.95407689e+01 
 2.15784844e+03  5.95403764e+01 
 2.72302655e+03  5.95397514e+01 
 3.43623466e+03  5.95387564e+01 
 4.33624440e+03  5.95371723e+01 
 5.47198237e+03  5.95346510e+01 
 6.90518990e+03  5.95306390e+01 
 8.71377946e+03  5.95242578e+01 
 1.09960702e+04  5.95141155e+01 
 1.38761325e+04  5.94980133e+01 
 1.75105335e+04  5.94724941e+01 
 2.20968473e+04  5.94321635e+01 
 2.78843967e+04  5.93687029e+01 
 3.51878060e+04  5.92695222e+01 
 4.44041056e+04  5.91161154e+01 
 5.60343147e+04  5.88824889e+01 
 7.07106781e+04  5.85346007e+01 
 8.92310369e+04  5.80324150e+01 
 1.12602200e+05  5.73361590e+01 
 1.42094679e+05  5.64164185e+01 
 1.79311751e+05  5.52639625e+01 
 2.26276624e+05  5.38932370e+01 
 2.85542414e+05  5.23370286e+01 
 3.60330949e+05  5.06360628e+01 
 4.54707903e+05  4.88295800e+01 
 5.73803826e+05  4.69501365e+01 
 7.24093048e+05  4.50223561e+01 
 9.13745635e+05  4.30639265e+01 
 1.15307154e+06  4.10873879e+01 
 1.45508107e+06  3.91019548e+01 
 1.83619216e+06  3.71151382e+01 
 2.31712288e+06  3.51342082e+01 
 2.92401774e+06  3.31676533e+01 
 3.68986894e+06  3.12268320e+01 
 4.65630991e+06  2.93280018e+01 
 5.87587862e+06  2.74948074e+01 
 7.41487362e+06  2.57610357e+01 
 9.35695823e+06  2.41728590e+01 
 1.18077086e+07  2.27889273e+01 
 1.49003533e+07  2.16759876e+01 
 1.88030155e+07  2.08979723e+01 
 2.37278529e+07  2.04969368e+01 
 2.99425910e+07  2.04598222e+01 
 3.77850774e+07  2.06516490e+01 
 4.76816476e+07  2.07088496e+01 
 6.01703020e+07  2.00741580e+01 
 7.59299526e+07  1.84870529e+01 
 9.58173303e+07  1.62684109e+01 
 1.20913559e+08  1.38249641e+01 
 1.52582927e+08  1.13383600e+01 
 1.92547054e+08  8.82903971e+00 
 2.42978483e+08  6.25277399e+00 
 3.06618782e+08  3.55601021e+00 
 3.86927584e+08  7.24174935e-01 
 4.88270660e+08 -2.19491655e+00 
 6.16157255e+08 -5.26128689e+00 
 7.77539577e+08 -8.57900930e+00 
 9.81190741e+08 -1.20384494e+01 
 1.23818169e+09 -1.55587017e+01 
 1.56248306e+09 -1.91660602e+01 
 1.97172460e+09 -2.29579054e+01 
 2.48815363e+09 -2.70250884e+01 
 3.13984442e+09 -3.13456140e+01 
 3.96222439e+09 -3.57385753e+01 
 5.00000000e+09 -3.99411722e+01 
 1.00000000e+00  6.45885881e+01 
 1.26191743e+00  6.45885881e+01 
 1.59243559e+00  6.45885881e+01 
 2.00952222e+00  6.45885881e+01 
 2.53585111e+00  6.45885881e+01 
 3.20003470e+00  6.45885881e+01 
 4.03817955e+00  6.45885881e+01 
 5.09584914e+00  6.45885881e+01 
 6.43054083e+00  6.45885881e+01 
 8.11481154e+00  6.45885880e+01 
 1.02402221e+01  6.45885880e+01 
 1.29223147e+01  6.45885880e+01 
 1.63068941e+01  6.45885879e+01 
 2.05779538e+01  6.45885878e+01 
 2.59676785e+01  6.45885877e+01 
 3.27690660e+01  6.45885875e+01 
 4.13518554e+01  6.45885871e+01 
 5.21826269e+01  6.45885865e+01 
 6.58501663e+01  6.45885855e+01 
 8.30974723e+01  6.45885840e+01 
 1.04862148e+02  6.45885816e+01 
 1.32327372e+02  6.45885778e+01 
 1.66986217e+02  6.45885717e+01 
 2.10722817e+02  6.45885620e+01 
 2.65914795e+02  6.45885465e+01 
 3.35562513e+02  6.45885218e+01 
 4.23452183e+02  6.45884826e+01 
 5.34361689e+02  6.45884201e+01 
 6.74320327e+02  6.45883205e+01 
 8.50936571e+02  6.45881620e+01 
 1.07381169e+03  6.45879096e+01 
 1.35506168e+03  6.45875077e+01 
 1.70997595e+03  6.45868678e+01 
 2.15784844e+03  6.45858489e+01 
 2.72302655e+03  6.45842270e+01 
 3.43623466e+03  6.45816454e+01 
 4.33624440e+03  6.45775375e+01 
 5.47198237e+03  6.45710039e+01 
 6.90518990e+03  6.45606199e+01 
 8.71377946e+03  6.45441352e+01 
 1.09960702e+04  6.45180128e+01 
 1.38761325e+04  6.44767361e+01 
 1.75105335e+04  6.44118050e+01 
 2.20968473e+04  6.43103694e+01 
 2.78843967e+04  6.41535766e+01 
 3.51878060e+04  6.39150215e+01 
 4.44041056e+04  6.35602755e+01 
 5.60343147e+04  6.30491218e+01 
 7.07106781e+04  6.23420425e+01 
 8.92310369e+04  6.14104302e+01 
 1.12602200e+05  6.02462306e+01 
 1.42094679e+05  5.88649905e+01 
 1.79311751e+05  5.73001228e+01 
 2.26276624e+05  5.55924087e+01 
 2.85542414e+05  5.37807299e+01 
 3.60330949e+05  5.18970771e+01 
 4.54707903e+05  4.99654235e+01 
 5.73803826e+05  4.80027360e+01 
 7.24093048e+05  4.60206888e+01 
 9.13745635e+05  4.40273368e+01 
 1.15307154e+06  4.20285058e+01 
 1.45508107e+06  4.00289139e+01 
 1.83619216e+06  3.80331356e+01 
 2.31712288e+06  3.60465546e+01 
 2.92401774e+06  3.40764686e+01 
 3.68986894e+06  3.21335150e+01 
 4.65630991e+06  3.02335835e+01 
 5.87587862e+06  2.84002988e+01 
 7.41487362e+06  2.66679117e+01 
 9.35695823e+06  2.50838830e+01 
 1.18077086e+07  2.37095485e+01 
 1.49003533e+07  2.26163738e+01 
 1.88030155e+07  2.18751338e+01 
 2.37278529e+07  2.15351503e+01 
 2.99425910e+07  2.15850138e+01 
 3.77850774e+07  2.18688054e+01 
 4.76816476e+07  2.19490195e+01 
 6.01703020e+07  2.11779626e+01 
 7.59299526e+07  1.93583839e+01 
 9.58173303e+07  1.69512585e+01 
 1.20913559e+08  1.43927941e+01 
 1.52582927e+08  1.18371292e+01 
 1.92547054e+08  9.27742874e+00 
 2.42978483e+08  6.64790253e+00 
 3.06618782e+08  3.87400477e+00 
 3.86927584e+08  9.06762792e-01 
 4.88270660e+08 -2.25351013e+00 
 6.16157255e+08 -5.55670463e+00 
 7.77539577e+08 -8.92477371e+00 
 9.81190741e+08 -1.22805565e+01 
 1.23818169e+09 -1.55762802e+01 
 1.56248306e+09 -1.88254075e+01 
 1.97172460e+09 -2.21312841e+01 
 2.48815363e+09 -2.56729589e+01 
 3.13984442e+09 -2.96013420e+01 
 3.96222439e+09 -3.39094502e+01 
 5.00000000e+09 -3.84331042e+01 
 1.00000000e+00  5.95414315e+01 
 1.26191743e+00  5.95414315e+01 
 1.59243559e+00  5.95414315e+01 
 2.00952222e+00  5.95414315e+01 
 2.53585111e+00  5.95414315e+01 
 3.20003470e+00  5.95414315e+01 
 4.03817955e+00  5.95414315e+01 
 5.09584914e+00  5.95414315e+01 
 6.43054083e+00  5.95414315e+01 
 8.11481154e+00  5.95414315e+01 
 1.02402221e+01  5.95414315e+01 
 1.29223147e+01  5.95414314e+01 
 1.63068941e+01  5.95414314e+01 
 2.05779538e+01  5.95414314e+01 
 2.59676785e+01  5.95414313e+01 
 3.27690660e+01  5.95414312e+01 
 4.13518554e+01  5.95414311e+01 
 5.21826269e+01  5.95414309e+01 
 6.58501663e+01  5.95414305e+01 
 8.30974723e+01  5.95414299e+01 
 1.04862148e+02  5.95414290e+01 
 1.32327372e+02  5.95414275e+01 
 1.66986217e+02  5.95414252e+01 
 2.10722817e+02  5.95414214e+01 
 2.65914795e+02  5.95414155e+01 
 3.35562513e+02  5.95414060e+01 
 4.23452183e+02  5.95413908e+01 
 5.34361689e+02  5.95413668e+01 
 6.74320327e+02  5.95413284e+01 
 8.50936571e+02  5.95412674e+01 
 1.07381169e+03  5.95411702e+01 
 1.35506168e+03  5.95410154e+01 
 1.70997595e+03  5.95407689e+01 
 2.15784844e+03  5.95403764e+01 
 2.72302655e+03  5.95397514e+01 
 3.43623466e+03  5.95387564e+01 
 4.33624440e+03  5.95371723e+01 
 5.47198237e+03  5.95346510e+01 
 6.90518990e+03  5.95306390e+01 
 8.71377946e+03  5.95242578e+01 
 1.09960702e+04  5.95141155e+01 
 1.38761325e+04  5.94980133e+01 
 1.75105335e+04  5.94724941e+01 
 2.20968473e+04  5.94321635e+01 
 2.78843967e+04  5.93687029e+01 
 3.51878060e+04  5.92695222e+01 
 4.44041056e+04  5.91161154e+01 
 5.60343147e+04  5.88824889e+01 
 7.07106781e+04  5.85346007e+01 
 8.92310369e+04  5.80324150e+01 
 1.12602200e+05  5.73361590e+01 
 1.42094679e+05  5.64164185e+01 
 1.79311751e+05  5.52639625e+01 
 2.26276624e+05  5.38932370e+01 
 2.85542414e+05  5.23370286e+01 
 3.60330949e+05  5.06360628e+01 
 4.54707903e+05  4.88295800e+01 
 5.73803826e+05  4.69501365e+01 
 7.24093048e+05  4.50223561e+01 
 9.13745635e+05  4.30639265e+01 
 1.15307154e+06  4.10873879e+01 
 1.45508107e+06  3.91019548e+01 
 1.83619216e+06  3.71151382e+01 
 2.31712288e+06  3.51342082e+01 
 2.92401774e+06  3.31676533e+01 
 3.68986894e+06  3.12268320e+01 
 4.65630991e+06  2.93280018e+01 
 5.87587862e+06  2.74948074e+01 
 7.41487362e+06  2.57610357e+01 
 9.35695823e+06  2.41728590e+01 
 1.18077086e+07  2.27889273e+01 
 1.49003533e+07  2.16759876e+01 
 1.88030155e+07  2.08979723e+01 
 2.37278529e+07  2.04969368e+01 
 2.99425910e+07  2.04598222e+01 
 3.77850774e+07  2.06516490e+01 
 4.76816476e+07  2.07088496e+01 
 6.01703020e+07  2.00741580e+01 
 7.59299526e+07  1.84870529e+01 
 9.58173303e+07  1.62684109e+01 
 1.20913559e+08  1.38249641e+01 
 1.52582927e+08  1.13383600e+01 
 1.92547054e+08  8.82903971e+00 
 2.42978483e+08  6.25277399e+00 
 3.06618782e+08  3.55601021e+00 
 3.86927584e+08  7.24174935e-01 
 4.88270660e+08 -2.19491655e+00 
 6.16157255e+08 -5.26128689e+00 
 7.77539577e+08 -8.57900930e+00 
 9.81190741e+08 -1.20384494e+01 
 1.23818169e+09 -1.55587017e+01 
 1.56248306e+09 -1.91660602e+01 
 1.97172460e+09 -2.29579054e+01 
 2.48815363e+09 -2.70250884e+01 
 3.13984442e+09 -3.13456140e+01 
 3.96222439e+09 -3.57385753e+01 
 5.00000000e+09 -3.99411722e+01 
 1.00000000e+00  5.95513292e+01 
 1.26191743e+00  5.95513292e+01 
 1.59243559e+00  5.95513292e+01 
 2.00952222e+00  5.95513292e+01 
 2.53585111e+00  5.95513292e+01 
 3.20003470e+00  5.95513292e+01 
 4.03817955e+00  5.95513291e+01 
 5.09584914e+00  5.95513291e+01 
 6.43054083e+00  5.95513291e+01 
 8.11481154e+00  5.95513291e+01 
 1.02402221e+01  5.95513291e+01 
 1.29223147e+01  5.95513291e+01 
 1.63068941e+01  5.95513291e+01 
 2.05779538e+01  5.95513291e+01 
 2.59676785e+01  5.95513290e+01 
 3.27690660e+01  5.95513289e+01 
 4.13518554e+01  5.95513288e+01 
 5.21826269e+01  5.95513285e+01 
 6.58501663e+01  5.95513282e+01 
 8.30974723e+01  5.95513276e+01 
 1.04862148e+02  5.95513267e+01 
 1.32327372e+02  5.95513252e+01 
 1.66986217e+02  5.95513229e+01 
 2.10722817e+02  5.95513191e+01 
 2.65914795e+02  5.95513132e+01 
 3.35562513e+02  5.95513037e+01 
 4.23452183e+02  5.95512887e+01 
 5.34361689e+02  5.95512647e+01 
 6.74320327e+02  5.95512265e+01 
 8.50936571e+02  5.95511658e+01 
 1.07381169e+03  5.95510689e+01 
 1.35506168e+03  5.95509148e+01 
 1.70997595e+03  5.95506693e+01 
 2.15784844e+03  5.95502785e+01 
 2.72302655e+03  5.95496562e+01 
 3.43623466e+03  5.95486653e+01 
 4.33624440e+03  5.95470880e+01 
 5.47198237e+03  5.95445773e+01 
 6.90518990e+03  5.95405822e+01 
 8.71377946e+03  5.95342278e+01 
 1.09960702e+04  5.95241281e+01 
 1.38761325e+04  5.95080932e+01 
 1.75105335e+04  5.94826803e+01 
 2.20968473e+04  5.94425164e+01 
 2.78843967e+04  5.93793150e+01 
 3.51878060e+04  5.92805319e+01 
 4.44041056e+04  5.91277226e+01 
 5.60343147e+04  5.88949666e+01 
 7.07106781e+04  5.85482912e+01 
 8.92310369e+04  5.80476938e+01 
 1.12602200e+05  5.73533579e+01 
 1.42094679e+05  5.64357257e+01 
 1.79311751e+05  5.52853539e+01 
 2.26276624e+05  5.39164852e+01 
 2.85542414e+05  5.23617836e+01 
 3.60330949e+05  5.06619505e+01 
 4.54707903e+05  4.88562704e+01 
 5.73803826e+05  4.69773714e+01 
 7.24093048e+05  4.50499476e+01 
 9.13745635e+05  4.30917435e+01 
 1.15307154e+06  4.11153397e+01 
 1.45508107e+06  3.91299764e+01 
 1.83619216e+06  3.71431784e+01 
 2.31712288e+06  3.51622194e+01 
 2.92401774e+06  3.31955815e+01 
 3.68986894e+06  3.12546056e+01 
 4.65630991e+06  2.93555167e+01 
 5.87587862e+06  2.75219071e+01 
 7.41487362e+06  2.57874834e+01 
 9.35695823e+06  2.41983010e+01 
 1.18077086e+07  2.28128543e+01 
 1.49003533e+07  2.16977190e+01 
 1.88030155e+07  2.09167588e+01 
 2.37278529e+07  2.05124977e+01 
 2.99425910e+07  2.04742637e+01 
 3.77850774e+07  2.06748628e+01 
 4.76816476e+07  2.07672635e+01 
 6.01703020e+07  2.02039575e+01 
 7.59299526e+07  1.86969460e+01 
 9.58173303e+07  1.65379395e+01 
 1.20913559e+08  1.41392682e+01 
 1.52582927e+08  1.17000439e+01 
 1.92547054e+08  9.25609546e+00 
 2.42978483e+08  6.77508407e+00 
 3.06618782e+08  4.20489334e+00 
 3.86927584e+08  1.49802139e+00 
 4.88270660e+08 -1.36991502e+00 
 6.16157255e+08 -4.38717658e+00 
 7.77539577e+08 -7.50637779e+00 
 9.81190741e+08 -1.06620948e+01 
 1.23818169e+09 -1.38024134e+01 
 1.56248306e+09 -1.69294415e+01 
 1.97172460e+09 -2.01351406e+01 
 2.48815363e+09 -2.35903003e+01 
 3.13984442e+09 -2.74391968e+01 
 3.96222439e+09 -3.16672934e+01 
 5.00000000e+09 -3.61036626e+01 
